466		278907	399807	520507	279207	279007	279207	1002907	1123707	1244307	1365007	1485307	
467		271577	379777	486977	594677	702277	810077	917877	960177	380077	1129877	1237677	
468		318344	441144	564044	687044	809644	933244	1055544	687044	1130444	1130644	318844	1296744	1419944	
469		277093	277293	491693	599093	706893	277393	717293	810393	918093	1025493	1133493	1240793	492093	1344393	1452093	
470		282101	401701	641201	761001	768101	770401	771301	282201	996001	1115301	1166601	771001	1169101	770701	1169801	1230601	1349801	
471		220772	328972	437572	1078272	
472		646669	649269	705869	708469	1062569	
473		340959	
476		254577	256777	257077	257377	257677	398477	400477	400877	401177	401477	476977	587377	589877	590777	634177	757377	878077	998677	1119577	254677	1359577	
477		291556	400256	435356	505456	564656	566756	400456	400456	827056	931056	1042056	1122356	1127156	400456	1251656	
478		256914	379314	501514	624414	746214	868914	885514	888214	986014	1108814	257114	1352914	1474914	
91		90692	112992	155192	197192	239492	281892	324092	366192	408192	450492	492692	535192	
92		245751	350051	454951	559851	664551	769451	769551	978651	1083851	1124751	1127051	1127751	1183951	1187051	
93		285397	385397	484397	583197	285497	780097	877997	977097	1075297	583197	
94		237656	346356	453756	562156	778956	827656	346556	991556	829056	1100756	1135856	1201256	
95		277127	381327	485227	532627	535027	534527	532827	688627	792527	896427	999827	1103427	1200927	
100		273213	362413	365413	374913	476313	580513	684013	787613	891413	995413	1098613	1202213	
101		246093	352493	459393	566493	672493	779393	459493	993093	1099093	1205493	
102		236314	266214	327414	424514	518914	614514	710114	719514	721614	722014	719614	896614	519014	1088114	
103		247676	331676	415276	498776	582276	666476	731276	733576	746776	770576	772476	789876	844376	
106		123236	164636	202136	206036	247536	288636	330036	371136	412736	
107		98013	139013	180413	221613	262413	303713	344813	385913	427013	468213	509113	
108		811400	915000	1019400	1123600	1227800	1332100	
109		244992	290792	293192	339792	292092	536992	245092	733592	832492	931192	291292	1108192	1111192	1124792	291292	
110		276320	401320	525820	650120	1161820	1164120	276420	
111		289156	451156	570356	690456	810256	1050756	1170156	
112		324933	325033	574033	698133	740833	743033	1068433	1193233	1317833	1412633	743033	1438133	
