123		117308	126208	176308	226408	276608	326408	376608	426708	476608	526608	576508	626608	
154		218379	304679	218479	304679	562879	218479	645979	731179	816079	902379	987879	630179	
392		131156	178856	226356	227556	260356	270156	317856	365856	413356	461056	508956	556956	604756	
393		168371	249971	332171	414471	416071	418171	451571	
378		120522	127522	165922	211822	257322	303022	349022	379922	380922	381122	393022	438522	484222	530322	
379		171371	249971	328271	406971	485571	564571	564671	643371	800271	900871	902471	2070671	2072871	
380		545666	547366	555766	
381		451073	452573	451173	658873	659073	1398173	1565673	1567473	658573	1641573	451273	1797073	1875073	1952973	2030573	2108473	2175973	2183673	451373	2338773	2413373	658473	
383		154643	154743	294743	154943	434543	154943	575143	154743	715343	780143	784243	854543	863243	922243	
384		198425	275525	352725	429725	506725	198525	660825	737725	
385		257988	346688	169688	524588	614088	703388	792488	882188	
386		222047	302747	383247	463447	543447	554347	565247	565047	565047	563747	566047	738347	738347	906747	987747	302947	1148147	1228147	1309147	554347	1469247	1549747	1389247	1710747	1791047	1871247	695947	302947	2112347	2192947	559047	987747	2434347	
388		265960	354860	444560	534160	623160	
389		201101	138301	350601	399501	401301	423401	
391		188918	216618	298518	380018	462618	543918	625718	681818	684018	705118	
394		270343	181243	270643	
395		198682	289582	380482	471882	507782	509882	513682	515582	556682	
396		214301	214401	214401	315201	374201	
397		221201	311201	400801	
398		255581	349681	443581	537581	
399		144829	144829	359029	421729	429029	499829	521629	569529	
400		228136	308736	228236	
401		239181	328881	397581	239381	507481	
402		192166	266566	341966	416366	491266	
403		198341	280341	362041	444241	
404		154419	203019	252019	105719	333219	347119	378319	379619	393719	442519	
405		239198	318998	398098	477398	532498	534298	552798	632598	711398	790598	869798	
406		174799	249599	324399	398699	473099	517199	519099	174999	
407		230457	230657	
408		229763	
409		173030	173530	
410		202061	279561	
411		164261	235861	
412		238950	318250	398150	
413		222574	310874	399274	488074	
414		185079	185179	
415		196743	278143	359743	
416		119852	169352	218352	
